$ANSIBLE_VAULT;1.1;AES256
61356632313632623134353930323838393138333037303130363063666335386663303265623339
6166376161326265636163353033393062326138316236650a393830356234666130363866363239
37663537653531326661626533323761663638313832633139313437323931303337633036373737
3334663039316237650a666665323664393331383065306635363830643534393266343963656434
66386365353663343363633031653433356439343465323130653864643033373661306537356239
32623832663239343332313936316139393161336566336632376232303732386134363330346235
33663630666365303332616239383065633637383465373739373034396233666638306566363737
36383264316161633766656130646663393266656438343139316234336465386638363037353538
32343361353432663733306637363930663463616337346164633532393730353162323636326230
61666138363662366636623138643365643962353636623838326536633962616362383736666136
37313061383531663139393534613762663635383932616634386561353331353838303262623161
63616630386639353539393165646163666461313736643062303536316336346539373239326361
30396133393736376334646265396338353561616132653465663236393230633063336639313031
63613539653832643831633435323933343736326536303733616132376364646133303162306362
64663665363365306339646165336366663934356664316631346332363832376264646634366437
63333634336638373737
