$ANSIBLE_VAULT;1.1;AES256
33653962623533343861343439306562393132636366656338636364303933303736623030306436
3433383134336465393262666562636432643534633062350a373765626436613861363865646337
35343837306538393439613863343361393964373562333137313865353036393864306364386562
3536336530613665330a613338353563376262613339316639666435646463393966383137643438
62306162623335613039326363313330376461333264383666353132366666313166343362643639
33366231303630616665613938343435333439393333366666353434313065376364653763333038
62363165373162326331653334663337326431353038623333663233643165663264633633356534
36353366353932643331346437663734353334336636373764326663356234326331383135373364
31343136666330626561383836303136373036393966316537616434666635383930386535313831
39346138323466343639326638626538316535373864303737313339343130613439633632323066
65663964333037383561346238333966323934336530303836333734313464313632316437313531
33373464323439363061363834613538363363333933386564323832353537393865343832303135
37356662333166376235303538623332313366313137313337306538616234663439636561613765
35353238306263396338396231626235356661376265306162323939393533323062333734613764
34643233643164363165636331646136346265656431323732316338653866646330656230303435
30393632663533363637613562333231623863373264643934373461333437613833623561333739
61313735613464626533383134393435613532383265366631323834333736366337386666336634
34393938623239326634326231353964376433373530653339353334323239663362663634393462
61333361623937636333393738313139623262396537353937613265346632323832333732663563
39336361373334363130346330376233383436656132353338346134326439316164363566613435
39636433323163353261316631373139626662613466393735343762653333373232303961333264
65373765623730346130366433643062383833356636626661363461396133353863346639653833
38303432393132626132376234613337663233333436356363326265663131633239373562636331
61396331306532346537383230366134353963363035326432393762633036623439373863653765
31646564633865303363326134623666303133376564396466643539623661303430
