$ANSIBLE_VAULT;1.1;AES256
39393862346262303630376335316137643366373735613937653531663962613831366465396135
3539346166666265646232643163343031303638356665350a333335653461323533633832646263
32643039616630333035313836383335343263636633366364303637333938376265636536376338
3363373436616230300a393632396165653836343633343764363165653837623261393936306438
66343564616261376130396234326238336534393134313737383831383830383435356632386264
65303633616664643365646566323337386464303733313862663931343564613237373637383133
31306135373135303462633938633861383833653239623431313830353966613132643063393664
61393538383766356261353861376330393034316233363664383239353536323732313230613931
30663062383330653464333465666135346665333034373935636563356664393464386431356231
37643063333631646235626235633866346361613830366237613866316335373536336666393264
64393062623937343039373933333230616466346565616132396135356661353034636661333738
30323639333234333166333363656633623666623362366664363630396465343537316563666161
38386364613937336164353434666163613964393633386135303632323935653566346637333234
36396265376338366463376466363333653630656334326634643833626432303933633433616337
34323339343766633730663561363562613030363663636339306135353838646635346166373164
64653766386437366265353132386135363533643030613864633934373862656566373631663830
32313532376635656532313462626265613435646363333465353939633766373438316332646437
64663339646463353066396438646462376166633862346464336666653962653036386234366462
31303965636561323663373931306131653531313937333261663233333732363365663864663134
38646131373638393663653765376538653037656236336630303134613565633537643434343733
63313832393233346165613435663330323762663862386163313333323063333332373564646565
34373636643431613665653965316333663235393035613565613531363362356363663836633032
31623264333233323231313862633336376366633933383664386535646639343562346531613837
39643664616630653331326239363139366461343933333539663834333235303135366362393635
34363639653734313830353563363038396339626639663061633537663137303437313261386338
6130323266316538396531343064323934626539336433393134
