$ANSIBLE_VAULT;1.1;AES256
30616266633837386130333339646638383564646433303461663965343862633663346630303662
6563383263613237373764373939343630613133306562310a323136623737353634353434653034
37323434646364383065353232346162663564656336366262323931383633356633303366353061
3939666137306131320a313363626261613831663432636530373236646639623663383039663665
37333537363962613432623265613532663934383730393662333934353666626161333238396662
39326534333332303439306130366461646337373764643335373130346134313132396531626563
33666339333965343861303834643930626261626632616132303734376431643632653664646564
30376339653838366561303835653633313334313364663339646231643530646664333531303030
35623964633833393831616463376662666565333334333163323231336463396230616665363535
31333638343331643762623837396633376236396566666466383136303232303531333831666532
37313939333861633262306630346239343539396638623466373766623831383731396137313234
33363765623232363735343264373666643161353139326266343530636466656236623864333436
34666330323538373866666466613332366133343237306539643731303934316163323163626632
62393534656264333835396265303963393263316163313037636638623235303033353336393739
34323963616565343531386138303662656665633532343637363732646231346162366361366665
32303864656364303235383163393634396632646536363632356134626561343335306262636539
38366432306562623535646234366330653237353933396232393330346437336632666132616437
62613962303839353835646162356561306362326336656334333536376637643535636261306133
63313565643365653339663535356164396631323236306365356463666637333166373462653362
66323663393732376166323037623362373166656139303637313263633231613036626536313761
61646534303233623538383536643233613139323465646565653165343463383831383864636662
34336330326438376561653564623866656234643038643136643239393531373633313232643966
62626663656536663163373362366635383832366536653834663432376230633439666330316266
32303866343537623334623136313861633836323737386132626339663565396634396363663431
64646664316337666231353230333238626536656234653337333133613330343366616339613430
6534383663353366333466356235653432623938383335626364
