$ANSIBLE_VAULT;1.1;AES256
38316564633962333531646363376338393361666266353937306461313162313137343433333666
6138633164613766323439363665306437666233613433310a353637663664633733373163306331
32363632326337636262376333663737353637396439343365646330303034313032396362643432
3861306232363138620a393362316139333764346338343263623738656135316131643465323836
30363163396262633130303835383535656133356238623266323632633561393739353938663934
38653363373365643261653365336331333661343737633933323064616232636134633663366464
63373366623730663834656632363932623364363537626334623435316163643439326634633537
61643736303036326638333330643434336464383339376532306539353839353261633662303862
37346330396634313830626632663430386263343430313732313834346638656631653437613234
62363663353065643464336238636331636530663637373432653537393864356266633734356233
63633064636236316631396466383733616564363734346165613732633464383135626135353835
37313564663339393161343530663364616430343965376232626531346135666164346436636231
36653034336435666530663531633664633163646566646663313339643466326565386530343064
39353939646233626638383936323563626266366431653038383235323862626364353436613432
39383733363736633836356132313564633137313762323838613765393032653439646666343862
39633638376137333362336531303564376665366162343064336234303566303365336530376666
38316461356634663030666439323734373462393264613539343437346538326332613765386430
38363131303230393330343666356537303736313661326439636465343364633730653634393339
33376466666530306661633735336430326263303237366537666332323265386261633364323963
63666263333130396237333930373435363931656361356138616135353439656339313034316132
33613263633138393532396631353361386365306364336666303830343433633030313837626133
66336631323539613866303163646430313533373838376438383639653638633731333663616264
32616561306462383632303232663038663563353535623362643634363933333739336333613161
37373631383136303038623063663937633265396432663234353061343364623232643238363435
32393465343732373564653366353834376532656336396132666331396639646361633635633437
3264626364626637313737353932373538396432653165363935
