$ANSIBLE_VAULT;1.1;AES256
30393838646364633764633265326362613734396337373434343531313130613565313031613538
3366646534306338343935643533343165373332643466340a646361303438333833626336623437
61633462666463646436396639623437383230323739303631303336636236376131363839366131
3734346365633837300a653139306635343966666566613664373438656363303262393039363734
33633661313732353632363663373730383932373865393766363936363435333162653636643434
64383062383337646532353162303433636532633465313535313339333437646434363236633730
64336236623535356138383632646433616231366464376233313238653131336437633434316336
35623163373665666533653165653665663437336161336566613462343337363831313864623237
64386632666430343662376438336237643964343333376266383431343966396535626266383534
34643936353663346139366234313466343731643337343536303064356565636330626566346563
30313832366266326435656265636137396234313937393062306263383934663036353330616163
66396661336666326433623166366330343530393737306639626131303731386563653938643031
31333164303636626437336637333132346134366364623536306463386366376534643439623136
65363935303864643632623939633036323766306231396638346363633463373839363737326332
30326435393836383139646563633233396338366261623564636563326534376136383430643837
32656630366633636364656231626439616533323936363339666166613163303065666335663633
66316439646135376630303037353039323239353133353634343433663138376435396634343430
66366239636233366436343734373030613033366630613066366636303664396539386538343434
64303465323266346635336661353165376562643334653238323438306433616439656464653461
66653933343331383235313830613964313735363766383539643164393361353131303861633530
62366434383336323237383462363763313563363336623136643539626138346239633534646630
31616534333462656665383661333336623963656437393662353964333963393830353934303838
66383034626534303539353833306338386537363164396361633235653937633263663765343235
39623731363162323362356134386564373535653639653832363063613831353036306137623665
66386232313031303664393333386232616237373462393133306535613237353634393735303865
6530383633613966313466396439386465333136353130643631
