$ANSIBLE_VAULT;1.1;AES256
62333066386161653732356630663439393738626436393238643837316566626530373662373434
3039643365333066383138316466363866343065333761300a626439343465353532663131636135
61343932323437336337623664336432613966613939376533333832353161343561663336386238
6265383831323432330a613034643439623336306161366136336632633137363161393530303062
61613039393932376630306361333833626163303134323466323064386565633963616235313535
30353936666630313062396432323938396431316433663633643164306462396238376464616563
34636335653135313534663432626662653362616561646331383161336433653333353735363664
65353838633130393963646334323263623531643030626138323236323635376563383239303435
35623137393133626639643464633035623238356462393332393362373063326461653465653133
64323630316138333133336530383062643666316231656331653461633936363030646237313938
39663337353239393633623330316465646134393431653436373934383838393663306338613630
38353463346538326364653036363164623834653333393131373237666238643233343666373331
31613139633362343765393934343831646639303639353739666533663037363436333761643534
38643933623134623563313238376433666130653132343230633137643666316435393832373537
31333031393138376431643866363132373731633031323866626430393531306332356466373937
61653862366630316464633363653033353364653633643831623439353539376165636237383331
66393837333934343933326637613636633337356439306164663334636365336363323535653533
34356131653032643338353664396164396638376636386130383766633536353061393833383366
63373539613335323065343439653837333630376466653731343761653763376266373333623563
39626161323735633631313933383935323533333363313135356532663334386161343339313661
39333365306536386134386264356333393732336266333061643536336165386239383834343830
61383532363562353733623366336164636137346532643761343964323766643764393766343837
39373334313163623232373733636535336337393639333736366562373364383235383530336539
65373932643630363630336366626664303132643837316634643139343533313966616439653261
64373938373434393631626638393231653039313030346531613065663763343336
