$ANSIBLE_VAULT;1.1;AES256
62663038326462326233386634656463626433636632373333633936313030636665313831383133
6466326131643365373334373835306533356166333131340a663434306265653936353661346331
64616632346531613937343430373765303032653730343365393739633336333531316534383834
6131363933343333620a366462383134383131303463313032633161343366613862373135666333
36303461383238313735366464323663663739626434653038386334643266353962353730353135
66633163396430626165383062383738613731663339333533396563316233343365636566323566
65666162373461343634316564643561616365386436653461646533623462316439663264613362
38366163393838663138333531313037346435316332386339353761633332636130383439616661
31393166646335653238653965653535636234383961613533346362616136333661353462366266
63306165336566306235656439653162616236616336653261343233303563396531633838653936
62666432396239346630313165623833346664306164386561636262313239313834373932316361
38316434363235363933663666383562326234326131643263386264363837326263663061333832
38633632376138636536653534393063333136653261323336653038393638306261326336316630
36343132333236653035383238666530623038626466306339336436396163323763303834646633
61383439636433633336663334626562396165633034626639626331356266313863633337356333
30633037343165633833373131336238313338303533366138313932633466666563366638643236
33393962366637666463323035653866343631363830353565306336326462336635626235646665
31346361386466363435393439616566393762323034396437356137613936666237386133656662
39313232363939396638303335373938353664333463393063313432363936643532653339623562
33663334353966346566626465383430346439623764363938393235373736633266323930656466
64626163653539623366333566323531333432646261346433313131646163313334623134373934
39623033373638613031396232356238636265383266653164396237646537333134383665316265
62633265663264356466663635663630623130373465643735643738363932303833353365316662
61303761393938636436353838626232373561306538636164346563353132663533653964636166
30666432316234343064393336646566646133396338663831363839393830386331376338386563
6639306263383161363339376166336231383461363230383262
