$ANSIBLE_VAULT;1.1;AES256
64666662326131663635616466633634373961303337383833353037636238333834383464303539
6365313066343735643936666330613935653937623064350a356265663832303831306462643232
34303535393066373336653162396462613130636664333837346437643230316265376566323762
3334313539633563320a313162653262643664616361313761343263373233346663613961653465
62653235386665313962343831353338616138393662656233636463323765646162306137633339
63383662633038383636376234333430343733343363656462653539376532363930373133373737
66316566323162616361653862613239663866333366373339336131646436653333363665366434
34376335346164653332316662356233376662613861633232323231393939336533306264386461
62393938326533333536353830333366353466663636366539396432326438613234663766666330
61353434613933313531316661363362636637363839633066313565633235623233323863326266
38356564363332353766646235343535616638393061313739343230656633396238353831373637
62633361646436666537366533633039663862396566643638616133626162626662323134613766
65613537306536383539633361613462626637613330313731366435336266383631313930376666
38323130373162643132396336356463393334346162333537393338613237353337326331343733
34353630346630323137643833656265663237303366616139316537353731303262326437326333
33333865303131666665373534346465613261396438626661653637383365653566396630616339
36346439356132356665663633323031633562313132316233643738616237383566333865333233
64333430393165346530636532613832623565393664316535353363653932636435613837643363
33303535393830343137633730376431666136663865356361656437396334626366646432613164
36363338363633313037313866666537376662313439313330636231343566663732616631643938
31303733626564646631383730313533373738383130303538616266303064623262663039633831
37343733396364653336656533616337653133383161353065363436653561646532343861626431
36646637366430386231346362626438623762613730346434666263653763346561316439646534
66646635636134633432646430336238663462303634303436333761376339653262343937373333
66393961636436643231333766353930303761333766653933316462396136363132
