$ANSIBLE_VAULT;1.1;AES256
34373330393439396239363330383863646234313132643766393133316562623136306261626565
6539663466396430613965333437393832633034383537370a393534346361646239323833656130
37376534373733376332656465313061383335346131386235346263303133646333666632626633
3765363534343735330a663235653836633739366564303530343938396135376134383466396432
36316561343938663035363938616663666235643534386262393836623338656534383565356335
61666435646235613362303238663566366364643736653335623439663638623064336665326632
61306237666364616164343037663733386239383834353831366165623363333863346161623630
31343366633662396361313534336634386564353930303566303864303637366165366537616562
30626533623034316436376531613763323035366661353534386236303130366433333938373765
30343030303433613364393238303765616139316539353365646536353931633536383965613232
61303666356334336365666464373036313336343030346332623733633130366339333339373935
30383732346363386236363834326433643033323238323161306365663566323466326336633664
38363665343535306135666436653038663461663633336436613734316165346436386131343534
34326163383235386636386534643434343538363963303933346364643062306339356436653531
33386665303538643935316531336536623166343432636366393438323937386539333339366365
33623037626136303336386636353631643062356434643530363231353239643030333033346539
35366336363239373135343637616537646366666436306563623865366662666263333734366535
30623430616633326639303362353661393830633036376561383161646666653664626530326332
63636262313861306530373536663761626465363962623361653864363438613362303235303666
62383164643363663036386639663730303535623236316432323133623534376634626437343361
31656337363261643833626561346530313638323139376562366638356433343731353539363234
66646438353832343737326463376663343061343532393336663231333437356465396565326135
61356262353034653735313261643165336464333634643764363931613232386337646432623534
34326562613861383031363437656561366337356238323332646236383361636663646136343136
33373230393539656632386231356464663262353065386561376238336333356234623032396262
6561376661336136346336396236653562363936393065363537
