$ANSIBLE_VAULT;1.1;AES256
35313735613539616638356638633433393264666536383336373733646539373161666136346232
3331333338613233346261316338663935343634616534360a663834353530323836386532613036
33356433326533343534303833323665636461643537323264636534346662363739313666396466
6362303462636132330a646361663735313461323363633363663266383139363833386438666364
39663638313861356162656432363830346261633738396663353439393736643762626434383632
65316235393365303865383134643664653665363462313163656234653932316161343135613039
35653330323434393962656435363064653032633266663264616464343034346330666437646432
63646137643666636432323038343430616434306332623031636264323563393861363938633938
64656134656338623735623337316231626364666639626463623239636565323538323333373263
31373263613238313930656230373065626436363161383066663261356631303838303832633738
61366232366138366431333131613566333934383336333334636336306533353637646231343965
32373136366139653162626230666537323732666561363761303931306435356236383931383334
66643961646163326533373034623231643234333538656562623466326461653530313365353263
35396531373561336437373339643439623335336532303665393266346166343836666464633536
39613132306236336263613463643061346364306332396336396134653534336665343066353861
39366264306636663563376562356561376261306233303335306138306165653531393830633236
31643763353237636166623861336231373265326239633732303662393361366238343764323264
61393332336166623763353638323365613234323838643666343131353630313362386438346430
30326230396534366335643565363365663865386337623630666662623034366436316538313537
30393938353535303366353530346234653366333133623438336164313237353735623439326262
37393465396238616533616238626433323465316231343362326130393265613563363066373231
64626361316339323631306338373339353665383637613464396361393961313730663139363336
64643766633631623935636365653939613937656434363836373039646633303462383365616164
36333161656437313636323739353838323463646564383465393732326636346133363263643533
36353431383361383731613537323933313061303033643334313534663533326133393264626366
66366566616130636632336139326163306464613063336132333931313935653764393833323461
36336638346430336365316262383939373431323965366363313939373739313265613764653330
31616638653931306363346565363831366639666537316537343663316161396532316131663336
36626137623638336131373636323563653139323036613862636662656335353130306237383532
34336439613537393737643866333037313231383939396563616431363532356531356239353539
39666334303161626663353231383362316338306633326361643130636232306262613735626264
66393534613366376637313966346664333830643032633362656333396532656539623337663630
64353566353963343236363266393037633933346236333266313136313930653863313232643336
31643466366138323162303463333861333337313534326263636161336534366235613132376136
63353839303262616238376664616531373662616533393530396131343866666133373737653930
36323133336663343361376637343638373732393266363833663263303937396532626239396666
63646135306130303132373166653237363464613833376135373766396534323037383464313066
66626234616464333163356630326263626536313135663465333264323532353261333065326639
65303033386464663233343963643735646137363165363038353664643638376164373739393538
38363035306265393839363161373964653139356136333736613864383131613339616161316434
32306265356362336533373832396235383333386438616135326565363161633063303935633835
33343431323035353335323966393334393662643565663530646536613935376134616132343665
30633031383633376335356539386665623930366434653664396665613436613434653537303333
32623164663966633038323866653163613537663461666461363963303330613334396332303561
37393064346461383665656161626531346261343234306234346335396566666631393335376638
62356163393763373765613832333235613835636662316662613933323831396663323735613138
61633061663066613361663863303033343234656333313639396534326139396334323965333835
31376165323735303962383237613865336531613730343639343066343734393736666438633839
32393830353736353336373363663530386634343665323061616237643933383366633066346565
30346261616162616665393762376366373239636230323530656630656437373037396266383065
39396562613834393838613538303334386362646466626565613336353435316466323565333431
66616465306261653534666233336139643561633361663934633766343266663036646363666363
35653035343531336534373933643239633539383431633362623039633739313463666433643932
36393362353930356264386330396666633234393036313030346634663133356431656561386632
31353630303938373161333632306466653231636235386362626131636161376338656436343064
63623338646130343962393433393934336435323263386264393431346466666463316439646332
33646536633336356337626135346634346631393930613566383036643764633762633834656535
39383064336365646638626533623937626132393633333263343137376339333736363831653465
33643166653739373862616230306137386534386439636137333233333537363331313564373566
62643133303763306663636661313139393435366435613163316563326232393561373539303939
33663830613838626434386633363832313264666438396565623636396561323934396536633634
36383938313463663661613661356334643337353866656635366131353866643864653963636164
35616561333032633631643636386336613535646133633034396237393462653138616437373334
36393264336231313263393130353537353339356566306131313764326637356439393239643337
38373434656235663061393735323561373764643237386366333435653436646562343330633036
39643639373064396233373236663235376561653235323336303964353934373763353334323161
38396638643631613266313163306434646636653664626362663063613538343139353335376430
63386431326233373437333862663165356666373833333566333034336632616263663539636562
61633836383065363163646133323038386366363931353838363738663936383437353931383331
64616630393162333465306662363732623665383536373736383064626565313363343838386438
34333935363538336636303530323264326432663466633932353566653832326366663839343232
37623639386235613135626232303333653338333363336232303639393036663139623035653862
31303632366431306130616265613238336534316532323030366463383461663938393732613335
34313266343165363266623637323531653961643962333835323263666534656665643831343563
34353432353961363633336436653838373739643361656237376337393463396434613234313736
35306663613038383364613831633264666230636633333262316532323732633632323731653465
38306535616637373939326138356437643162306565303833363338333463613136383439333034
36313630353139626434616536306666303235376433663263343230393430333031303437356261
66323938396335326263616634386438316430306232376263393937353463663962356563323838
34663264326634346233383437343039396466666636663461626332373332346335303465393236
34616663363933666139613233366536383936313838326366366231666663376536663739646634
65343235626231643830353764396531623631663930373164396433333235396162633335633864
37653734613464373932363637643835323066653630326164343331366536383735396363616236
32373039643133333232663235326432346137336365393533303763383537333632636163373335
66326165396166613037333162393730666332643736323439376364313233653361626332386266
34303964663731323366323665666535636632333565646166333335363730613861386137363466
61303133363339666436356364376165376336656266333362383731613739363665353936613462
38613665393936303936643564643466663761613030333536303636626430636639363835343365
61326565633463656465303331653531666462663130666563323161363861643366623866633161
61356431376631653634613133393036666237626333363133356666383331396439306337343131
65663766346163373333663131623361323064343334653531653735383163343761366561633231
36336463326331373536313735633630303435353238346433346638323838393863653532616461
35653830633033623137663738653861623465643765666333383437626434653335333162663530
64343433366133396234643661373034633263343161316634336564396362383937373564623337
36393465313366383365313439336166323931353166333935346265343934306339623262623139
34303765633730366433373063643835313431333161346264343462636433326438363230383734
61346264383064373031626539336262626266393034386261316233376530393837633137303363
33393063366461353435656435626233323233363065333338313235663364643262346131393032
63663961363430646362626631643461393062356438386638343336386365393266343733353966
61616332376665316531306231326262343035613835383739666664613933336333306464646535
63366564326635663966363035663230363232316362653334643561353336336237653661333431
37356466613066323936626338333865623235393261323363616466633537313765613730393165
62646335633365383835363732643333666338373961316230316236666461363032343365396137
36393633623036376339376133656233313466343237366466303565333761393634623538323765
66383133336461656137333066346565623863396565376230666262326634653435633665653662
39336365343365333565643837666239346265363662613133343439353330646531303863623534
65633338333930326532303039653561636533363961313439303662306234336238636437663830
66396434323738356361626161343937356437653433323837383437346566306663653864666630
37383936633065336137643630383130316236613766376134656130306163346335663763393163
37313238363638383038323237373338363465636230646162326339346631393131626434383233
31343666616631356163356236316666366139643164666536333439373339636362373930303732
34616666333930653563353065643737303737346661393033336536333336646264353533633337
38666439313532363238393832633533663232626166383435663963636435303932656434626636
64633636633034653934316634323965353863303331656663386333386562303630663931653234
31323262356135623765666262353565353366636134666639656230316165306236336139623165
31626135393933393730663561353830653138306530386637343962356563393637313139363638
34353435306362336135386533353137306231663336653137653738366437666335393862653163
32366135626634626136373133323935376263663963653734626632633836303031336639343263
66336162353038366138393534346534386531336663383038656161623161323439386330306662
64306239656138313939313934616535653763316135346430653934663336653135616232643035
37636563633864333631613464353137666165643738323665366337366232643834313334333261
37626466353338346266656162626264306636363238643437303664653931373864303863653331
66343566383032323034356136386536663562396665303530633732393538353933643930333330
66386566326138326237373962333337313332396534343961333966356431623661646263386631
30323263653962343434336262663761336633393933353534653331383832343039666336326438
31623334383632353962363665316632393636366365316562313965373364383165393938326534
61346366613231346333396235663331383338643438373739383534643961303665313233343330
66363162303436323138373666636539316637313238616230633836396633356233306338633634
63316331616665633163633934303338356430353730663234653834656161306365356364343966
61356235656435333835333630653663376165373830643261633465353131373436613132313266
63663636313563343762353066643533363262633765646334316431313538393435316636653962
30663562353237313339333162643432356338303334393232663330353862363861316130336332
38343138643432653730383963313563663363626462396534643037626135393066383761666564
35656236306462666238336630616262363464633631323638383033353036383463303265633661
37396535313338306132336561333039643539623834316238653531363832326363333031353833
37656366653464376663356231636331336636646465313066343432633433333339653432643335
66316237353639643065383536633334343939363339626465313436663634663331386130636536
37313965656161656666316131306164616262386132303763343965393038636430653736343838
32323733366439353330346437393132316333326537656130333764316637346337636161323365
38373630653263373364313636303532646633323062623164633061623766363862623537396566
61343233356662363933613336326131383063323064303065356238643538373135663433346230
30643332636665623936343361343464343637366432656333363738656533393934366637643234
31303438663533653161643165333666613164356538393661656237646562313764356166303065
36383463366262643739373864636465313866663062653939636637633231323333383037613136
65363764636236393031333335373739633661313634623533393834373135636466383631346661
66396631623533646662616330313630353439393739633465383435343433363965643635346438
62646338346433323434306632653561613133643230303334363365303133656664326164356533
35323832313636346139323632383033346437396432646630656561633331303462363231633237
33633734343939363562363638626235346331663339666634363565336466373565303035383932
33353266666535393563656633363330376435386265633462343433323931623735633839363733
36373233396232316335626236313062316230646237623139333435386139636166663534383132
30633833616631323166353464626565613230623334633937616661633439643664363064333962
39303165313964386165326464356539383735653139396531386436613832346132303137633666
37613736333437636238356364373166373966633134636337623633363233643261306535333631
34323563363464323638613530663534316164353131386132323533363232366636323630653362
65313135653264326361633762636339666433376638303164633362376332646134353230666362
37313464666437346466326463666466353039373737663035336439623337353234613566373063
63646430633134643362383532633135376436343838386161656432626132653439356432623939
39396335326638386239663366333765626436613861663733623364326164366237346331356163
65383533343631353034326432363332393837396362346235643630646663393265373230356366
39653661623364633735313839616332316463383861363335356161393635633130393162666338
65366538623733343232343066316261336261656263386632363536633839306535326366336630
66333836663132646536643532623639626436633332656163383937393939646233323738373235
37623063346434666538633739363832343564303332653466333461303134343831646265363131
64636261623035356433343966636564393934303433343631313630303030376566333961663530
38393732383033616238363661643932363766353636633636633532313332323132663765623966
34306331313366666665643436303365643337366435663938623963633430636362393038626337
61646237306566303035393030363961663339633333646466656230386561316636396530626437
62323930386562363030663532346130343731363463373835643563343561663034633961613862
39323332643662396235356538366139613465613563643161383035353263663430306233323735
61396463323238646364623761343861333437646530633431386237653338613932663362363539
37303562383038616232346237383366393232393639663331313961613461616234336538653366
62333035366665356637373865393166303065633437393562353030346336366430323366343362
33386333343331616461653764646335643764353033303334313965356332633562336638643136
62653165643237343762623965383936303865613135666664643664306338383138616665353139
34303930613235353339
