$ANSIBLE_VAULT;1.1;AES256
33393434636165626461383335373264376136623166633261343832653636313631663338336466
3131316131613565623137356565396636356437393130620a303163363738356661323339633332
66646432623934366666363839656336353939636138326636343639383063333232313966643433
3866653161396463660a626363366535636133336137386564386235616161363962336237323464
38346331363038323139343634613138366635323361363636393064323039363266356664633431
66306533346233653864333636623131356334303262396336396662663039616434636662653937
64316631666162633332333363306232343930336638613533333562376434666630616138353137
37373338353531323961656166316362356233636566623333373864353034653934663934313165
65303134373432623465306463346465316161386330343064653434653963646539646437326636
31316264363362323835356638386436626265623233363231303139643634323736346636363331
34666564653634653737386336316237303036356337386536396666373135336433656436366135
37316563633034623835303931383463306161326266653865343233393836363563616239653833
63316633623963333839643437323938656635306432636435346361663261373761393339623462
30633036313561333666646132643538396137636631643136396333656236303962616630323031
38373532366235656166663935343836363930356263613664363264316565363436346462663235
63663735666464656233646434346234346334323461373836326438636236343632636237346637
38616231383164396266393335346534373538353033386665336566616463333465363262366662
63666436663036643963323836646166636361316532343565663132656365326434303336623330
33333364343232383330366537393131376366373665643538336430636563326361343464393637
32343434616561646331646239303131653965316537353939326365653533383831636439313835
66336139353561343839366236636665613735303233663461393633373637333462653765303164
61363835363034623233306335326530663235356265303331353566663335373638393938313865
63613363663532663661376162396164343330653433623565353039636336323230666432343736
30363630306239626361386131346335613335376536343961303730663163323731633963303337
39646433363661643136383663616138333437366430363736636239613339626136366465333636
31656437396430616161303965363461303966653333663532383639663834613434323931343030
34303763633939306265643039616437323965653730623939353763353037643461373231633762
62653266376361666432313463343739366135343933646636383336653163366336366261383863
35336138323562663532366363383732383536643761303661343137346638353530636462636264
62666662353131613861303662656133323937366132623832303163663766626162396263396234
66646137656161343262396261643436636661666231353466386362376233383463633634613534
32393831336161356464303837306135633832353232386563653539383462313837616266343131
65643237646336383034643636333035333830643062316432346437396337313831336465323266
64643239643138613632363363376137396539316530633063636636643562366434353839366466
30323364663762303063366332323335313435626466623633623535366136326132663535326561
31353936636235643836623530643338393538373430613333356130633165653663353630333065
64633266666465326464393030396538396334336438633733623735346238346465333632613563
31303232306438336636643861383838613737336661643838383633663831316564636335333465
63623761646133333639643164346235323766343261623966616564386662383031326437343734
38383632303936393861636432666634356462333061376662633764326237656464666138373236
32326634663437343662633364303761323063393666303265346237303934656636326131336238
33323061633637623537626163663030323865383339373633326162333835656465363734353163
63633761383539373734336165376435323166336537316163336163323866656632326638646161
64316132306666656332316233643465633636313265616632306431363636373933353432353666
62616164656162333831393766303738623535353333306464643963393239303265663134356332
30626131316465383665306461366432663765316164633734303065333539333434316465323534
63336365633965363038313430386131623033363465646138656233626433316233383738306264
34303263336166633436373533653562626639626332633638303139353864666330363234343739
30366138643564663730653738636662366531363761353933373866643032346536636161613539
65393230646131326139323333316566363337313434666432646337383431386335326130643965
32313362333563666539616530353665303839333763356331653439613332316537383636323735
36663939613635336365303664303333376265303431653530343439313231356532356537346662
32656538633631386337643236666434343032316433333630646137386363393866343865353066
30633739353966353833353838313939386661346135393736333263636336613862393261353336
66666634646364663266303333616261663238653630303365376231316231383237323232323663
36613937303966366430316638376632653238653365306665666161636464666330396465316539
33383465626364633062323433663135313035383837353765343162393036656630333432663265
38326461313733393934653335376434396137376232356136626437623231643636363435653936
35363564333565313038613937613633643662626331303565663137623135393639653365396335
61303635363238613930393364383063386336303139623563333265353735333761633235346266
30643738336236326165346535313662323137616564356563626136343138386134653630663164
37303866323463623964623538323364346236626665393732303164666166376565623661393736
32663331313739366235643162333265656263613135333962393261323530643139353733346434
62633830666438383431343162613766356234363463626364333966613030623865333066346337
63306531363132363665373334613835356631353738646536383637306361653963616436613838
63366632353434636236303330623266653536643563393866373138386262383837636530386335
31643561323830363832333961373463623263393734353538316134636564303561623561653863
39396133666664373036653463653034393262626230316564623337323163346338653361353131
65663837333264313033336633396537333831616261343539333666376364393563643338313233
35386163613863343064383638666535653862393136326538386136623133663939313734323034
39663336663733383263373763383339343461306562356335356636303534336633313763393065
33616332653634646430333630356630396132333331393463643037646633346133626366653436
33613163636338353135316566613138323238313339396533623664376562663630323933396165
32343765323036313565656563333565383461383433623533376534336539623131643064333565
65353361356566343665636539383866636433666162616533643131333062666361663535646362
34653730336436643532386338653565363635656566653965363566626466363137656463636265
32353863656338623531303739323837633461363165653739323866663762363736633836373534
39306632306361333765313336303534376665623234663435353462613432393332636531393032
37633937363739633830383135653533383464306564653236356131643064666532363237623165
33303738323964666336373333653737653230366361366361663636356632636662653332386332
65626332643435636336326565316434616436633433633431663739376233666265653032386636
34383836306161333538313265336461636336616465353965623862326465656339303836333564
35646230393231633637623066323338623062383664643133636565323830393036383862386636
64346366646137396433653866373334373730303634343430316164306233393137343763323430
30636263326466326463313034616236643734376263643463623766313765363166353164663966
34393435653763356535316135386335303939646262363537306465383066323263616336386363
62613661626465616631326334643134356438396339616430356238353163333531356630343134
34366539313138396237636435636432353633643639646266626239346236616438613061393131
31346538613038316335306134326665343939346338303939626264396533326161643761616535
62633866643835356331346666396435306130633732353231333037613939346138626165346565
64373031363038336162313432333233653432326161363038363064373861376265353661353039
61323965373166323865386439346637383237623138396566633637396162303838313736663633
64616261313238363230306263663536663734326637313762313338636431616665393662643930
30666538653636653332663635386466343631643132353263623332363833646531653631393336
30646566356630343136383864343439636137336462396236303461636230313038646263323332
33373062636162643636363139616530626665636161653363323333333666393230653464363431
32653932313962396164353930656266626534393933633466393330643064303961623631353462
39663836336539653334316261663962323239366565363034343432376136366164386561656639
32373565643761643464343663373065326337663461393964623864643666366137633437376633
62393563333732323436303365326164343730303066343466353739623030376566353230656562
65333733656434393463336430646432356365626135376266653264326439336339653830373165
65623734646534373562343036366334656166613565353863353661636464623965363036653239
62633266653465306632393236616264623530633836303137613966623833633139663566363931
33663961643561333138396263353062346164653938396136326438376363653262313635393533
31643764303361626661323831343636353030616661323138363938626634313137306635353439
30316132306131636239613835653266653832343133393561623633656163643166363630383235
30326138623265386430376662633735643462653638636666313133396234343335653439616434
31393339373162393736646564343462623938616435353935643361653935303134386235623364
30643931383165336632623162363861643931393538303861343638363562336637376630383935
36353035653132303636646335373665643339316663643464613932383662383336653937323234
63653038643130616431306131636438343464313133346666323631623932663330376264373262
36666531323232626235303232323232396633643262363161306266333066653062653837663666
33343632363938333466663838373265613533326534633266373439306465363835353961376334
35633263303337643330373538623030376138363234396335633632633838396335373032356131
37383533663165643662336530623230633234333934393633343530663732353963373435393565
66363766343964656533643230323531633032303266313032363936323534626531636339656465
65653362653139636239383032343235363663316238383631383034666233376231376662613262
66373437363165646561613366333531353535396237633361393234326433613035326630326539
31623037343536393365343732303039613839663638366665323831366162653662356139303832
64636134656331373661376436386532393764303734313232613862346563383436366239626532
32383432356365663734623631313437356137363037313231636363343036343564313830323364
34343632333030373833343264373063333234353034343566356536646463646331343761373830
66373337316436626233373237316437376266343537333732613062363137306635636232386465
33343930313239646566356162323733393030386332343065613638363861306161393264616232
36333463623865306631633734343031343964333261336635333334616334663431323937333838
61326264323536373831333531393035656264656365396561663738626433393433633031306636
65316139646265623966323061653033623566353231313031396265353234373566303266333666
64663933356130363666316263643561326337313331313863313962613633666536396630633863
37333231326361326662313632386266303231396233643230336437616636626338336663653936
65333230326263373038623962393663313265653838636565633435306464303435613931653735
65313333653137616539346631323663393464313531313830393333366236643733623032646565
37353161333039396466303937626464666266333165636161633931393738306338363033366466
32356438343630653163643034353338326430353866653538663366383062313265343732376462
30343465333537373934633263306638373630316332363831396335353531666435383163396262
64333335366465326331353835383534363530313032353764356538313233616462353139643866
31633263346638376139363966363637653538316561383639393639326335323239383832333962
37663364313036623835373138313133393965316263376237616465393235343861306536313637
61303163626239386166366438616230323365663837613061316536363266333631303866363165
63623431653265336263376536356132646165663535323534633236616466643265316666363935
32623462636331313665663162656262613235343564386662383135396538313931306533646230
33373632356562383466376633396364613237613966383239373939313133383737343536356532
63363735306562386463303432393839656537343337306130393866623561373563393964303234
61643636306335623261306465613663636462393438373966663463643935363035383565323630
63643966356433393837666636346362366465623336363432303235383436326265303066306162
61666362633138316632666239626633323031363236646535303439393639663563643832316565
37616134353836326437393462663934393633326266626465386432666665353763383039666234
63303433346264356232326533366339393836656363323539303231343331356534333235633566
65666161643036323861383231396237376266373765626563333661356264656466353332396366
32303232383563313535353332656363613264333032303432376434353965373535323831613138
64653463643661666163393632383131643766636635323630373066383531616132613161383965
33323737343436636431646537373838336634666466303833653961653361643761366661396665
61323234313962666333313439383336313535373361313965663630363536343137396262303131
62623739666535653565343764376237373638323339613837396536383338666135656138323531
61353735663566353362363364366162333431323730373237616164643235643337333263386664
36376130303035356163366561313062633037366232396330633361373565313762633038633138
37373066376164383461366437653936356330636666613131623233393138313538386531313761
66393230393732626666616135636462373536313430306565626133306131346435633131316535
34363465333538356230373439623739326331653061326432373930326662323733656534616336
37666363346338343961336536356333323833303532613365326132623731393461326361643466
33373439356363623865313534353836663662316361663465653136303632643162366331316363
64646131383836326466353865363934613530623361393634653665616661623931353234313936
31626339373062643731353838633463356137323062353062646537353039313439313532616664
64336262353033656362636563326563353431383639653031643437656166303761633162343866
31386366316437373331303961326661323362363432653465376634653531303239366461353766
36363565336437336632393438316564633465613765646238303463643236373236373037363132
37623432356132643865626134646266353164343361663933386561306132353831336338333964
66633239373661353436333233656139613266373637626231336135323866643839323663353130
65653935633165386264383935653064313064303163643935636437353364666365333339623032
66383034636236373734313534323038303865353637396232303761376530376532623837373365
61326132616566656332303932613931653864646661303937336165633237636532376363623364
35343231613039626630353632353234623339356633386465313366386236343337643236326332
33353037346434626462326231346565336534326432353165626365323735613832656232343762
30323237613864303165653461653835366635646135396365663537626232363964363230626630
63393338613961323135646462373165663839653439666436376230636566363665663865323335
39333062353636363330613534313434613963316635613732346161666666623639303365636334
31633562383265306430633837326437386639366437616166306162646435343066623634666365
33643534333766653936646533376238333130616463316330663930613961313139393433333033
32643865613634303361326430366566613563653035373634656530663866316632666131316165
31363365633430643334373133313235633065383431633031633038663439323161346234323032
63616663346234663938633839363161313038643830303136353936646232356466646165333261
32326264323939336165626635356435336630376632353936306538376364626439633734383664
62356163663535306439623335626534393764636462626536346234373931393365646438326631
39303161366433343433363764393734396139333839333861636535656237636532323937346330
31616130376630613230313138663335663837333162646333333831646536396236396134613761
66346565373535316235643839356533373133393138386566363032353664316363303431643065
36666237323232303330636163316365386239386631653161623863343430366330346366396438
333234303136356364396133633664366365
