$ANSIBLE_VAULT;1.1;AES256
63613432313935386439303933366538356264633039326162323166333232383938376138353830
6562353136376332383766393961343864343730643834650a306136353538633537656431656463
33313766373834663736366262303064656134353032316665653338303864373865343731383731
6232636565363532320a613934303937653162636165383661353736336566353933343365353361
39363264366630353863383935653534656538386564623735373262666230646364343335303132
34333632636665356134336566363063346336336266646530313033323539613364376337393761
31653236363763313361383230323764633462653732666564363063363535343132326635636433
38636439653432343230633966666465343132656437323130396464663963306138396130373639
33613466326532323661666566383332646264663961643634363865393461316631323761333934
36363338323761383266386466623730626438613631326332346539363931363132303532303532
61313638663962326435383861303639383162333136613662356234333765313730336336333261
35393537356137303233626631303435316538346637326561373461336164303033316162326136
30376266373565663731626138643131366134656339623038363865643261376131303664383463
63616234653436633537323436343531353463656530383838323762656632393834663163306561
30323034336336616631633931656664623433336637636434643239343461356463343063343332
65613339653331616264393130326566663164323633626163353863663632386661656431333965
30393836646536373666623938333466373565303663326138356636646466396330356634383639
63326130653962363936663735383638636438366537316536643266363136333032616266623034
63313365353766386435613866373662616137383639323132626138613766616366666464393832
30353966303835313033643235343166643330313030336566386134393332386436326638303030
66313666303361316135626562616463373261396236346435613738633861363135636165376431
66353961363832353239303964376237633333356435663839303134363261306564626335393566
34356631386232323566333939636336343966626266323338663338636139663038613535656562
62333236653931363062393534326661396266656561373636383166633831386663646666353439
38326261303465636138666564353335396132636539303564653366356335303032
