$ANSIBLE_VAULT;1.1;AES256
63306331373633373565623033323131383435626163643035666361356234326335363530323439
6363346262313837353634383737373962626537373765320a336239346565376364336533636562
30303461306665323536303734636464393963363739653432323434313138353334626433356662
3539633436376133660a383437373738643131666163326162323361333336663766383763633465
65393064333235393336303036353731303163353464373633343564613932363438313730366633
65383333393363386534636436303865633464363963663235303733383562636636663635373766
30353662613964356562316438383139336163633863333038383233356632653439393734643937
35636462393130633366333638636534383336386562373663383065383165323736396338306139
34356662326135333935356139363234353839636237343136626234393438643263633633633335
33616463653837306334646433663231343031353166633533646562313231396138663839393133
30613766313330643839313832316661383561646338306562363261613862396239643663313239
39383064363236666630323037656432373964396637646637313931663637316263373437303135
34613638316536653734626534633731353731656234363632376333383864353637306433303466
63633532333639656465356166633864346431613430393564393330636237326631643530336639
61383865363838656664336638613031353431383563366466313936353539656537373963346335
63386363306363353464326161353032613637616166383737353435373765623531613830616636
37643537356239643630666664343537323131646466336337393433383134303238313135383261
38633931376562386639326537393432613163386632393331626163316334373030616366316637
36363861323464323936633661343839353761653061646664633734303636373665356665656232
61656236343165343030396338626331393630393263353366353837303166323931316230623338
64663666666162633430323665373736623835616231613737336562616664396530613537623535
66303034373937313061623231363961363263656235363131363930336238313561666637326235
31306663646239316233343030336562376634643863633166363134623035616532643661343563
39613437626131323936343133353736323663353061653732626261626233323966336565336532
35633663613837646465363632643262393138366337323230663863303736326566
