$ANSIBLE_VAULT;1.1;AES256
31353032386332323865323332623530326461353633613538363633313036373531626339656665
3236313532336632626165623162366535613465653330390a653165316131366166326164343636
30353231303065373362333436663038626133373266343763306164663236653433616634636635
6233636261393563330a376462646532323939613533343238316364323132613634343238396662
65396338656564343534323564656437306336356661376361303336373033366334366139303462
61306639353663363139323433633865663464323437643531646561353763633738356164363332
35343164613766653332343164366661626366623637353636373636616135663262343131376561
64633136363566396335363733633332636430376262316266366264343036636165616362656662
39353534623537353836373062323730316661653933323761363433653562663062396235346663
66366534303631323035666233656362313636333231306534623362653037363235356261336337
30356263363635386332643534643266356466613730613739633461326266346461356265663832
37643764653330316366383866386536623061623337303639643731323766396162353231313861
30396439353439306139336533396464343032346632333833333936383639656164373339343666
39383937396363623332376363393265633766326365613961653964366230393639336530383331
61336130306330373835356436666633653039663130343962326136636533656262633732316238
31623435653063633739
