$ANSIBLE_VAULT;1.1;AES256
30623037633635323439303563346235343362393764323738633363633965643832326361623239
6638393838636462306131323465343331376564666136310a306536323566373064646236346264
38326430616334393061343531356263376339636263356137643564376632656662316632613738
6532623161333362350a633162333830373861303737623236653332303065653437623665363934
38383837613636393936653963356166383031653339346137613438373465326463653132646237
63626164336164653535303466306435326136333064666363383930333832323533323039613661
38373565623066386365313764333637663138326532643562626537326537646531366635323663
37396462333031376566336432633731373432386462663563623931386438343762326635343061
62663939636239346365333034623038643137336538666365353932623162323061333437636638
36623335373834363234373261373163363733376339633466323364616338373133353533633864
31343530653938633931363836653037313839323034393663326135366138353263346330316532
39663531353431636530303163386432333165303835646236626266336431626237663933363965
32363738616136373937666136363038353161366532353936623231396130316564383436633562
36666539373937316630333664643738316561613434313063646266373833626365616238376263
33653533656239393634353432383937353739393035633132363263656330396366323661326530
38656535363365663235383065343538356562616563366431323632633933393432343337646133
35376634383932323664343838383237383062393532346162363535316439353332623235663436
35613332373163363731613062333431633961666136663365386336376632373235643765396434
63303531643761623939306639666262373737356430363561356532336331643466386136366438
38303134336636383062653736633661343334396437346135633635613764633435353362623630
32333363373233313538386563336565333665633034313833326463326534376435663432393635
63363732343064316530356564363439376666373735353031346231663831326161346164336232
31343136613236616166353937626134636335323762396136383938393131373932656337613931
39666632623565643961336631383637613739373130656331316166626337633131643634633137
64343663366137346565646630663731363038363561313836653938396630616566
