$ANSIBLE_VAULT;1.1;AES256
33333931613562636439613832376265353761313564633366363065353765633736633832393665
3238633164646231313533653463656132353464653331340a353032633664323936336531653937
39653338346234353633353862616563613064666163313561396634323634653665396238633737
6231346463623238630a393632643333656433623830636436366466616563656436306361303266
34366131656265346238613732376635393564363839396132383232376637373162613162623363
66333162336339393661616562393562303764396562323236333239623233656638303961656633
66396464656664663034663638643966613731346364326231353065303661663464356532663934
36323837393632316236393835623437316231363062663237366533653538616462373736326338
36306162666632333564353232393436313235646134616563346436336636313535333937393939
37333661316538346561613963303434653339373031616462353163393933313964306430393462
32376561393862666335386438613765376639383637353033396630393234336162666163653365
33643037643233373366396164666466326631323635366532373034616164656430616162636636
32336532393465643764343737396666386564623764633262646430623161303631316531623261
66653061333362316366623937616664363233356631333437616562636664303531353533333339
32653736626461646337303562316566383465303862353964353638616231613263363865633338
31613039653736663932373932623134396539643037626535636434343832636239613563646331
36343838373362616131373363363062346666393831663563666437336131333964616538333564
64643136663265363933653861623633623962613538303361653337363230373362626462363462
38656231633637383838366135636366393732383436356366636563353262363338363330653235
30366631636464366333363936646239626536323132376330393533333331303432366631616633
61373639643837313730383565363565663236353936323536383166363937616138643435343962
63653864626261636635343562363366333031656432623330656333396336303939376139343131
33636166623662643865313463663235666534373561326333303437343637323630623964333366
35376135316361363964393130613165356134313335663262396463343339363565633961376636
31656537343431316330343237663166333631636165393764663662616436636132383863306134
6466373438663966613639316534623762653531656163363264
