$ANSIBLE_VAULT;1.1;AES256
61383739613161306231646430303939313164303563326439653833393139653638326665353630
6261386532313561343436383834386538386430643565380a613464663365376234356262313936
32663439366136626637636332653431663639333966396231313037633234376161666639363738
6333393634353735640a366333383765353838386138326333616139613364376138383962643132
37343037363135333333346330386664386136363266626239353534383038336536316663366139
37656232636162616539653863393965343961393734613261353665316366303765326564643236
64383662386663643464613031616366316364303436333338643664396235363837343066383166
64613339333739313763336565336238333830313232376362666264613461613031643738633261
65653739373839363237333533336163616139353031356230323435316661343035633638323565
61653936323538383562306562366334633661303734646136396163613165366538323732383137
39303836383336333136373266323035356566666131303032383162313231626636393134383430
63353262343838366239626461363735376138383664326239336262326664373539653436663664
31626664653239353133336461363863313761616134313166663436323730316331653337326665
34303435363966343032623835333730633738346635623365646431373863333564366365653363
37656463616262356635373561366336633933386234643832343865656366343531306239623330
63363462323164343964326161653461366462333332363362306333313966353538646132303232
32653335663763383833396466643631353136376437396331356335663230656134373334333863
64613730633463353633613030303665366436613861306161353530623631333334393631393039
63333762613739626333306331613030303733326136353661376439663430623732656434383539
38383366366637376138646264316163643336323766373261343662633739666237313333383238
35386365666561386264366264346339373838663062376135333361303464333761363735333962
35616464623733306663306634386462613039326136396130323963306364333334373536356432
61333430636161383835373731373032626338623766346431303930353261366465313030346434
36396263313432623561383933636435366338313964363362643566663163346336633036643066
35663735303637373963373266633864323732616531323761653536396432616166
