$ANSIBLE_VAULT;1.1;AES256
65376135316163353631303732396339366537633363656261666530383336383562313066623339
6265313632363438306536313162666331626633613333340a366433643431316531393236326461
36396337346431653132613035626238306136316439623561306536373862653564643862636639
3238613838313738630a326363626263363436336138666531383137653566626332326365323032
36346266353738306162346630323563353333376664353938636333636166393739376638626233
63363435366165343765303336656666646564646362643332636330383364393265626366613338
61653066333232396665623737613366343330626235333437613664633731366231353066346437
32313439666664626335373937343333373766303230353266626365396238626637633336333063
35376661383165323337653235643161376164373133393933303764636330373662323236376336
35616461666661373838306332353932393863393065613332636337303634393938326633353661
35623935353839636431363932626230616562316465356433353363373734633431316565353634
30303365643666393235656163646462616435636439656432656238383435653438353933646335
62383761343135316165353438323163316366313464393361363735363530353836383266653163
65373630643564623135376335373236386639616338376562623139383838363561623834623362
38373462373038383038363832623934393837333031343932636137383233313134613638316635
34653163356664346336366338633436306163383031393332336562356665626538393936336136
34393834616439366438373663376563303435343133653931613364353138656364663638326533
31623138616636643034313132313633613431336236623034633933393832373265353533623164
31616532636432646238363964353063366162363038316662366631393034393664393861363164
30313137343434636166613564323137393632653266633561623332316438306231366362383463
37336463636532626136333066376562386535353161356633396562396333373731316366306162
61643336356632363132656138626463376534313263363639323863383333313935656633666135
37366366323465313335303532336130313366653435616462326233313066626435343930306435
63653463323665613334333036666265356464363863303465323366663865373739646532383938
63366432656635383936376533653135343539333534313739663966343463336637626636633532
64623766306534643736316463623863363864336539666262343261646437363764643334623434
34303839323432636337623839313838633334613730663161306562323333353963333837396530
39653666323765333239343463643265353366656630353338653131363639633831626431663836
31323565633330353465343062643832656262646638663062646435643538356636316637356362
32313261373635373265336239376331643938363732373537623865333564646430303734666261
36343535326530326564636531396436616633613966363665316462343065356663393063666238
38633166316663373439386436323531363664366133646533396138313036633363323732623064
38376530343462336561343630633834633538306332383766316239616338613333303366626662
64333832303138393939373664343738386531663265373431373134356636323061383164633839
35643164363531326463393232613165343530346266363663346535616136303633353164366561
65653039346232363666383261373937653066303836613930323665363163356230313438303435
37643866393237373234363031323534636637363436353334646466383932383432623530386331
61333237333435313564646533313830306134393034393633363437396562363833663730323566
35633233666166386562646237343437393639333539313966613337653237316435626634613133
39623239333031633636626230366134323034343332323537326230663339356463663236386535
66363464386138666166373364373433323734653038343162306566386239366439393564663639
33396332613737346537336538336230653435303065613138623035336634373333333730363364
61623631363562343361663362373030396661346361313937353962333232626538366134306631
32373139316361383937666238373533393831636633336530393733323865323037666464363734
61376665323230346335373364396536616465323938636664306130623638656162353361626563
30396533343834663062623035383731353432316265343966303230326630356436383632333264
63383663653161623333393936666538393039356335363833373263666463353737653739623063
35366461303962633264333665323132613836393166643230396130323339343134323063383761
36346332363139363362316435633966643038326233636165663333346337363566336330663261
61356433656662326336353339376535383731333032656665343138386166623063663536373330
66623635386564636662623438663961383938313765633336316138663963376335353562633764
33313364643766386234373037666664653134323664313535376433313034343461636239376338
63613261326337656661353836646236323132333937323064353862373563323136353963386164
32383738343665666534396165346531353830313834653864663433653562306231333263383561
32613962333162396438636666356535386465646161663461633037363236656637653534316366
63333531663336316366323534316566626237393833346666616565323236386536303537343266
61616461313537376132363834666436646333313963313565353138353664353464633066313935
30383138636234346131643835313439653866663864613362353137653131613064643534663737
32616337356263356262663938633033323863626665623333383466323761396630633938303033
63353765383231376132636235303831396264623233333839643331383065343635663863656662
61336234383965376665366336376234316236363163666163623136666635393636383566306135
33303864343861323863353663316238656164333561383835306431323239663935363161383738
31653837336461316239363532336335386366343031353264316666653263636333396334646636
66636261306461643061373433366465633661363730623932383566383833383839343734363534
31306238666332383433376531366566393938626533623533623963363638366435663839313335
30613133336130363765396130633139306231363961373532646266383861363062613934353239
32383230313062316630333461633938643031643464643538393530656362373637666662346662
31343961663930393662343235656438333831373738356634363632656461616666386463363562
31636636643966323835393665343830306636376238306637386334333338626637376232336661
36363961396232643765346665386661343461663730323561323165366262333233326232316233
37653735313832333131623039303963626335646162303031393664663734356330616634323466
63326262373831366136613066363331636465313263353665343239383131663662373866636265
33643833306333336336623465383733343432353935376438323730643065643735636266383037
32613465656136353666633930333361366432346565316162373932336632313339396663633965
38356637613535623030343766653962633030366666333464386236363934636362656234376337
30646436636163323861346230363437326561356236363939346630613165313436303666643534
62626531343132346666353239633538643463386464333238303461663335363232356230656363
37353365613331656265363664373563623937656333323863636466363330333035646132666464
61633935366238333133316466393839326136393861623366656238363735653137633339613436
34313332653837623837376161626335636434383666613638333832376165363636333166646435
62663864323134303732316663383337633533633664323836363730373161363565393965666330
66373461306136393439313737303165376430663734656666323232373663386130313565643633
35613134343437353361353834663435383863643432396331313862646339653137313562356165
62393064393662316161636434393962373930316163336436663964643933623533373837646132
35326661303262346365653338623830303338623465316538613038353030316433323735323433
64636461313461613266636638346537646135363534373866623032636263363932303736316364
35306333373363633166353332356663316164636635633966323737386631303035656263353563
61346533333833663338363734626430613533633637383165656661623834343266316438376636
39346235653365346330363538633234346538643434646534666161326537616463616633613532
36623336616162333764616336663234623965373963346264323766663436643431333164383830
62386261333634383664313466613537396130353161333965656664383966656636353765353162
34623734646563643037383233386237613737343439346432626530663830313130353831636139
62383832626634393265623062663032313733303765663136363061396233623437393962343364
38313735303234653035363036333034303634616362363039316633333035333632373563616336
38316466303564333938666264623763623866333066373661326565336134303433343961626431
65393764613461363831306130306564306433313336353762653238313066316137653934666162
62663762373338333166623361303635373361653066323563636266343237396638316137643939
35623334336565653061363266343838343864363031393630343730633065616238313535653765
32666630653931323538666636326633343436383334396166636238623264383634336137306439
61386361353766386439343839643665336365666134326135636164646432313863346664333933
38656133383361396332343832323964366230303431646437663539666538333130363438636236
62306636393262306532646637373534393330376335653564393233613838666631316661613761
32336264643439323835343666343434633839336162333837653533613638656464633938646532
62396264393731313063353965393162613866346634663534373763376536613565373463346334
31666266326261323266343030303236396637636565356464636264393661353239353766656162
61386566666665656238633961303465316464313236663238306465613332343931663633343435
32643663313334383139366366346632366530663265313730366430323164343563303337366564
37613232376163393739336566643238663862333961373734633236386462393332363436316465
35393637663339323264396330343965396233333638316166323530326435393464633031333262
34663434373135303362623965343961316265383663343232303236666534323730313134663632
63623539643365323934373737366166623736376363363535393338333930396132376431643161
37306161303765333338666231343236386336646239313033356439646434633439343963316634
37326463333136366136643439323362366165333639396438316466303065323931396531343765
65376334623930616363393464386137623235393464333162623936633064313835653335653735
66393935393661363061636536613239356231616264353436393331373438353238616536613131
37316430616561613839326332643032313464366435643534326337646433643330353562323866
35356238323761653162626233323361346564386266393964383435326139626533303937333761
30373734646439383837323266386338313438353336396566336132316166373065616632376161
32386338656637613437393034376638343134313632333337663630653338353235653737303232
38363464373537326265396563623036633539616664633136323634393636356630383532323965
61333435613230393338313964363162303638653136636338303137373130303531336266336432
64306230323162373361323334396434656430356236333066616163306135326235303363326365
31336562383661356662346565663661306166356632666436346139363233323239653861353433
66643937383061323264653261666333626661643739336233396137633434353335653365386164
62303439316134626231626563383032353130346464666362393763626665623563383139633833
37383762643037353530313436623263626630326636633765373930656534613365386566383361
33636166656662326634626666613536363964346432636665353039623933646330356131616337
35386365363733613835313262626632386532383439306433666436613937346366653164393430
62313633366430616262636235333638393564626462623532346666616130653663636131386339
37636633633238316364363134343230353639343162666462633339633931333861646562393139
66323763313366656264613037383764643230333636663965366333373863613234656236663963
33373561363765306330373365353936363137383165623937303864396264376637303631363562
63353539306238313938626535613737663664333363313931393762383966636433656431333536
61633139356166353662323435343064303737376635343832333963353039333666633266333037
66313935643535633966313731613834616166323365323235616562303861306435643033663761
37646265353632633131326661346135623937383833336532316534303066656437326533313465
37656134633961353035383436343330646261313531353266393536376666326430666234353665
32376232383338316436373066306330363564653139613335663231623630363164626564633534
39626632366638333939343462393533633966623132656162346664383763653165626131333331
32326333386433653363643463393537376537303132383234623533663265633732373966323963
65323131333438613236313435626330356363663164363138643630383238303134383763383265
61623463323731623864666131343963366138616238376134333865383439323234396261363137
66643836396531306339386432393531383136353230646337653666393966666338636433346539
30656238663537393535366638333738396335383666653166316531663030623465323033386236
35363664316463316639623536376439313635363139396532336130653730336436623135366535
64623837323538366561666565346261306130613364633734653639623230613132643735386632
66353034613265323733303134363265386662653339653734376531343965353163363166386335
66373164363134306236303630633231663862343861613133336163346565653966343833633334
30663935666638653666393065663766653362333136303237306235646663623966303630363962
61633336636662653363343131633162643838336430623731626166303837656130333961393533
32323566656265646463623031396165376439306361643033623635323139663535626265626432
34366431393665623865346264333162653636326265366664343865636130666666643966323937
32343739396461626136646435303038623163396361353036643734316165346465643962643563
63396166353737636265316638356565643166623236616133343433373565343737383065386537
37643662316462333937356533313666363939303233303363613265383438643733313533643562
62343836316536613232343664316438623734633034333139663636626463666262343534336561
37636539613230396264323065373865626363343462346430316364343565383139646331626431
61326464656331313835363531306239376639306530636630643665333965376635636137343138
66646138623033343638616365643533393566326634333465633036383961313237326631656632
30616162393832616531663963303764653265303363653931643030396537626261643032323538
64663264333235636335636264393461623961333961356532386438653763353336666236346661
30333036363762346433366333623562666664333963613637343435636631613464316434353436
38363334313433633032386463323563303463656361666538633432376333666537383261636263
63323431663364343461373766393638313538653865666266383039386337326134396230636166
65306339356435333463336533633163333936623337646638613565346433353533626138336537
32346231356364396637363833653330616536346235383265333364383966646230323563326566
63663664373937306532363261323834653731333736373931623661346263363534643839656436
36356633323430326463613835353461366231346563356331303935376434613963616234386261
30633266353533333938383264383035633766336465383837656631366231306539313931343731
33303334623165613437623062376231656134363433616234656439393063363735303333373635
62323565626435373735333138616435656235313231663565373738333731336563346139653964
62393536386538376132373336363832313133646133393463383537613062353330363465343939
62623934633833373238633965643937386462356535646461396466343966346238323838633766
65326164313164346239636536306236373638343164633938333531656130666164633330393265
31663035633237663032313961383539303932653062343061306166653532323563613662633138
38663032666461623039
