$ANSIBLE_VAULT;1.1;AES256
32336464633539373964343539346536323964643133616435363366353936633661393538313536
6230353264646162313635303337643638616233303731360a393039656431656162613736336130
61393330633333373239643864613330633336336663636530393732356130333363373034623336
3964656335373061630a613036373438336636643565383236323433663761306235333134353439
66313131356136366466363939383836633439343964323565653332636463623763623834373864
32356332626266353334623465343665306538306262343533633132623639656139386331366131
63356161343835363761313362363838316338323035626434636161646537383330393830613737
61663430346431383438623236306137346563393434386265326339613131323430393831653232
65623062363836656330366332376264356336343435386631656533666532653964666432646166
32326237343361643134393533306330303335313331633937633763373833613664333334346365
32366265363865303364613330656138386237346137616235366432623563656230356235643466
35363961383536323365613665666137396435353433393165306163313030333833326435383261
33336333373164653263326464643539373632663139333265623636633132363436643336643263
39616436666162663338386366393065636636353761663034646637323566393033373264653637
63393236303130316561656466643838376462313431383639653038303461313434616263366363
31326566636436323839303238353834633530393438643366633934663332376639393566333938
63326434386561396533313863373865333936643562313863323337646137623163666463396461
34343837316633623065626462613330653963343561613864633431646236303861393563346430
30333933646337346232396532653865336262653236346364383937663064333933346131633662
39616662326133376639363838323464386135363634373339353562353662653161336161383865
37643261353362323865656138326664383634306239323466643162306136643035316166383238
31653664323332306136656630323436616335616437623930373836303165303463326237366365
34393365353437323265303138636563623466623862386364626463356533613239393338633135
35333966616636646338366337366435383638643763373638383436663261313032333463323665
33386337616533386262333832366537313962386131626333393738393862353034346264303663
64376536316636383931323261393531316237366131396237376235383536623832313261303261
31326630343434613534613335316332646331316238643563633834653235383338313131653139
61303932313231383862346135323935643966333463393464626238396536316565613037636535
63366234613735646139363461363831326534313233323462316565666164303133303934343138
63323838363539396239383864363430346366366236393530646663643036636237326234333065
64366561336135363664363631626133376539343532366166326465643831313763626631653161
32323838333730633536303761396330616564653337333362363232663039626133643235393062
32663032663137356539316663353261313833623266613930383131633935393933363733363565
30623530633434366265383662356462653463336365353563633332633262663264336536303732
38663066313532333937623464346563646531653266333165386530653830616565643534303931
34303864653863396632343765316361303262366132643439653066383135336136356264343531
61333331633436356361396265303333336533383062316366373064353739303139363736666530
61656137393430373261313362396239376664663362313131643564333634626230636666653634
61383561643339353330383231636361643130366533663736653262363461386431333235326362
62666533613638376635366330623761613963393533363264623131646534393635353333316635
65376436313534636134383536613163323932336637393865646266353633643839373335633061
33393037363332363865663133343436343232623133626134643132633166613737313036656630
32393464656164383431396663343838343963373535356634326235643763386663643138633136
31383438326334323231383438306237343230633832333939646432323761353037326439613738
32346330366134626133373231336232333865363764373963623638636133656237666432366232
65306530333439346432343938373239653865353439343632666133306663363735653965636239
63353636396663633633643737323034643762323961343536303362316235326334343965633232
35643866383536663535623831663064323737666664393137653835343266333136373036323335
31306264353936626264336638646330346236346139366137376263393662373936373331323363
38623966393938663039316366396338313930343630616230666635323036353762653462653439
31333239633033316337363339396337353732306662303934616161653233363266626663386533
35396436346163333638643636323262366462373434343938613632383836623866663063653235
66333561363138663964356463643934353966396433303262663264326463323436623130633565
34363238313565393637353433623737316432653134633636313966393336313263666130616362
37396139653565336539643537316365646234666636336130333031656263353133326334653733
64363837653566656232623861383130373635373364633431613736313330386466323064346261
35656466663364613439386339366236656435633039633466373465623261613036663561313263
36643938663839306264633966333364323362333331323166626363343330633664303032353765
62343135663130313135623831633832646537653533343036346139653839393934333866303539
64393262633138656162306263336536653166366665356536363262303530663336616231653439
33613637316566323239386562623935663632656636303531626564633433323637366561626432
30623835326433306237366533353864383066386533633738616138616263353032663062383639
66383931383136373362393537303965366164663937313661316337626634373063393663346239
35303537373263643838666439386665356230346332303933343830316263376539386562336132
34333966633034396238313061306363363861636338393161343963633462333262353137656430
36666637376664326364313236323961613966333966376166363337656665616134373130383363
61336634636533343565636435636132363233653861333566333331633730356632346331643331
38393430333365663862666266656463376466393463663361626436393265656262646461633334
37643839353364613137623533636230616339393338616137613461303938613734383363396264
61303634373936666534383835666633323463383265653636623931336238373565323436386334
33333263323633353233666534376562303238373530363733613662323931373437656561316365
39646638343363326134353564363466663332393330626139373333613434326639333934303065
65386236383161373632323933316632393262366665323861646339383430336436353334353632
35626136323531343062336462376363303235396238323938613232633334666164646665333161
66333334313633383461333137616136333462386630613135353764363864663263326636336436
38373637623264626134613964343730396562386463663265373038373138333864346633626632
31396162613861343164626639396434663639373436366533626434363432363362623663393736
61356236363337386234363030383362343032636139653165356137656636376534396438313034
65613965643266643233396238373965323135643162323665666131636162333831613938663862
31613965353337656634303739623464643862623134376466663637316261313862656236383533
38396233346663366664323132373764636535653736663130653666613637623762646630376266
32336365356339313838626435666264363538393431343431346535663364646136663564313465
64663331623839366264366433386231356333626539303930306464323563663330326638643233
35386237363333383364353763663064376565393238623034363534396666326338633432323331
62396330616630623436313335613633383763653161343932326637613632623665626536376132
30306466633736326437396432396536343838316234396637646263306132633163333565613663
65393534303638363666313264393164616131323161373833633536616537376666353235353330
33663439363731373830613138363232366233343939663762383266326662366463626263613362
30303962646664666666643263626161346166623063323262353539376163303865353834613931
61383832633061303433376233636637343334323534313062306638393765343435636231656466
66643334373865373563396365323464643930653736623930623339646233313834666636386636
32303238613861313162333833306438343038316561663436666263613737343536336163346461
36343339353838663665333238653838656331336637353364663761356162663930303561646233
30623035626266383131393363323964363862646535343566353736613665396435633337336439
33663436303166643333653631633339316331623630613535383535613834323534313765343562
61383339376332336534356662366438363262383233616132346665343133393164646239333365
61663763326132373961326262363434303831366661383137636238336339633239326136326132
65363736646565343566306533383161396464646339326431386436396564306363623237636333
64633933646131633936346336343933646237393861373666633539396332663839346462306361
33366635386637663665343630383666353064393637316130316333623664393131323662613030
38333562636265643265356534646338353039396261373235363236386661383237646433336561
39613730626262633066303733333031353037643265636263613663633361393332666537383134
65336532336666663934383436316535323035376435663764306539356132343636326463363737
33633232656431383061366534633639613637633738316535653737383661616361323364383131
34326231306335653364393033393131313765656632653830306462363539316239303132363030
36383962356262376133393233663830616630666231306165663463643831313731303562323361
64656435306465353063656263303931363938326430663135383635613130656633663733393138
37303962643866626561303535626239376232333866376239356234306138333766663265346333
38333763336636343436343435663065363937343538373466643634316264383033643739303431
64373564343035363332633366343139623431366437313036663532653735666461653433336332
61366663346639313734353965366462313739363866363637616439393730626163663638663331
61383433366631313730326530353965623663646365656130306365333862653630313037393237
30396235626233396135333165306433393266653035393337343566343638313066623930323361
38313730333633663265306536356335383232336330633933313233373834643266663636313662
66666330366361663336656631333430626232356139313536653865653634613962396262333766
33323737313933346236353962313934373963396566616534386535666438306536643661313663
33356438343763376262303334336365663764343230353037353838376161666337626631366137
37613963616535363534313530336661653031653834303532653939353933383837616262306464
62383836373435393336343233346263396331353536663165393364396362393935353034363632
66323234646337616664376332326534633937663362636365396266633565346535653932643336
34363638363762613437323962333634626539313836383833333361306639633936306461343132
31316566313631623665393131306339346461636665626531623964656330353136393038326366
64363165616338373933643966313062386464316435356265333037613336373965636135356237
64633164616461393362643434326237396234373735303265346335316639386439306131353931
33393830613734616163363531643632643330646365313364643534623665396537306563383035
63306637656633306630626161373764376632336638616233663765376133653866343136643234
34353731366436363932643035323861616563613361383239356361303164343063386465383935
33623233333832363935623535666430393532373239373164393630326165626561633038376135
38653163353330613338336632373236376639626232653036336533623163623163626562366631
36356264313532643433333334306632373866366637353435386465626332343735383365306639
61383865333236343862306462353732343834316232613833303462316565336630373434396362
38636234313465663162383634353262623835303534613533363831666636353665376335613366
32376666613231643066323838393739316131386338316631623630343035313863393133643163
62643237613763623564633530626239313839316235626135643538396531623231616664396230
38626637373064366563373962643762623365346263373433633530343838363765653636386535
37643239643034616639613639366338643261336531366335353733623261623762343261333838
33343538613030373836626631393765323966383032383933323763376637353962633161326266
65653765396638356266663833623432616466363032313736343439663735323231373639396232
38346435386563663165393732626263323262393362623731393039623861343233353039316466
39316561346636623265393263633037356138356538656565306666643166663236313339633561
30396263616436383234343866343938396631646635323966653462396632376461383163633831
39616136333566353734323062653438333636306235346330333864373939613661353864316334
38626562333638613537376237373838383365363734353366663336393063346665353935316335
33316233303235303435313738316231373563336135373633303764643031313132386266303938
39616434373637613836623761346636343663396131363635373732343036616434353333663331
66653037333034643661626434633530356531373964633735393766313734343666653537633664
65656330333933353866656466646331323636326661393039353165613037303331616430643562
61616135383839323564623139313532373538363639653761653431396661326636636136666333
61383261626366343030323963356636363439386332663663613834323738393531313464656338
36633335336533356130626539386436613863346231316363306265616637623463663261623738
62356363363663313039326430656236353863376336323233666664373636386261393965383334
63353765626138656162333431376235623537323062363033643964333230393462346239306636
39353164363666303332313561393361346232353261663761323062396565336639353063646338
65646233393635653931356663613165646362333264623866356331626263366639666130326431
32336463383865633563366636366536373336636234613431373032323234643037326634376438
35366364346431623961303334656631356339636162373832613965613431343063373639313966
33646330353635383163313265376665653632313262346130643733303464366563323035366435
63363961306664656332373837396365656166626262303766316339323666313438653165643366
63353935383230633531383236313262313434623439313231386135363839386666663230333532
31363263396662333938353435666634316433343036666661633232306165633561376235366366
39363731363636303335333366373766353836376337386265313862393065613663323133623163
36643032633130663335623330346634393966666463323061666132623865353635666466356163
37346362633939376337643536396432623861313762366130326133336363306132623831363531
31613538633434626530356535323036646562383532663838303834653464303564346338326331
39366161333431333033663038666230383161383262303761613838633032393662326337366638
65643837666164336130306237613938633661396231623935363561373562353438633130396330
37323164393234383533643966643635393737366636626531623730616634373532623362363532
63613633346231353066663963396634356139313731316465646365643264613831356431323865
61343263336338343361636335363433376436346631633733383066373564313365303139633566
65323033323836333764353834663164613163656631336135363438386661336161386462653635
30346663623462323936646238623966363236373235363230616565393932303836373837613036
38613130633766656439356532363835656262663461626364663836656332323032623266343034
31623530303031383638613163626535316231313035303938323039653133656332376562306436
62663039363834656538323730383964646463353762316634613561383838653638613139613139
61343431616530383762313833626236313032633263396433306531336133323364353132623134
37663964636535333363613532383037393263383137303037663230613637306135316564306239
31653436376364353439323438393338316135353034333036313833333734343364643636326231
31623335376163376362313765636466353839303134363931653466383931326462623435366538
32613338373034653637303539653933313932376238373931326163633461396135313261643263
36613937393835326338313536643533333662366134613031316134633765613162646435396635
64393839666264316138323532633762626261613765353263313331303634613962636430623039
31633432303036663033663262373866326565623631636339646539306333343162616263376439
66366361653462396332306261626536313462373264343436353765666464656438613064353763
39616438303363663633643861333531353837613066623635663633356538326164653739363662
37316266383865326564636164616264313330386362373261306263393336323636633462353330
38383739653166343733613233363664333563316635643239343366316537663965653939333238
393563613861366637646233613838373437
