$ANSIBLE_VAULT;1.1;AES256
37366133343330373738303636316465376336373236376230633066653639393461653437646231
3438376436323831643537323666333531336339343532310a653838353231383238306333656430
33633134653838353263323034316638393066353534376635376539633062643165376339383439
6239353535396431390a653736613237646639333362626563383033323763373865396236643236
38356437396236323835653434626433346533633965643430626565343534303363346163336563
39663139616438663430303037323431313065313734356264366334653535633133663030343933
61343135343663373236323163323636663635346432376566653833633337343031333437313933
31613433626133356563616638306463383730356531656263656561323064656534393065336463
33363133616165656165356130323438613566323130386530653530346538306530636531656435
33393135346462353431303138613563616231656434303962303463356132356536333539643663
663966333339353937323930383938363963
