$ANSIBLE_VAULT;1.1;AES256
61653332623665313135346236653739303865323761396232303562656566383338386330353965
6166353362623464303532653864616237613561656166390a666339333032646236323437336434
63393931663365323034336130653339313339623435353866363533313733383337343431376166
3531396535303161640a373736353463326262333766656534663633303564333363346633656334
31316235353132396432366365623833313137346233663935313862316466343237316666653362
38336430393837396234343963353131386238303730353661353363613066373439393266653766
64333434323137653630366530383030333163646163386532366633313230653131306465383063
31353935663162383533396535643161653966623761656234383232633039316162396134663363
32383530316538343031313862336334666234656661656563313632363138376131616532356462
38336530306130666461613663346630663637653063663232363330323939653134396362303934
383538353533613730393333333933666235
