$ANSIBLE_VAULT;1.1;AES256
31383334396433366535306338386534613934396166343239306365333165326334323364356662
6435623436373930333434363234373130643864663839620a336561303462636366623937316338
64376439643165393065623334663431396161636633663135636663633966313862303262316530
3030373831316136660a316665376134346261346138336230393036333631643737666266303335
39386362313033666139646433663336393233613464633165633134623038626631643364663265
34393062333962633966396635303034633339626137393262626236666665343435643061663162
66386163653434613130616235656161663032396535373535653766643336393764336632633037
62363237356132623961643466353135383661653662393130343361396531653136613764616162
64666262393737326531346131326331373730353334623530313164306231373766336134386666
37373230323938323731363638623964656564623130336265626566333436376261383563393861
38333232626662623339653033636237386663343761363563363463616365386165353834303237
31623661363761313938316435303166333730333335623131303735666236353635393138326232
66343734666133333430316533616466393864386338373363383337656664653332366564633037
35316334613733633432363234643539396134353331653764623035336564333666383335656136
38353838376330613130393163663838313537303063666434633462343131613237363261343535
64666163386131623433616638656433633961343765623931323435393863643365353439613733
39336337666630336530636566343463303539363738396631386239633538336539393033626662
37616264343736336164656335356161396437633530653862313931366133376632636534333766
63626465623035333735636437356336633466643833646538313363363039656362393761643961
31333636303635323430396162633539663331643033323566323864323935366165313037653239
30643935653532643531373131633135356263366632306233326561343765616334313062326431
65353239316530373763306231386133393133373636633238613735666665353831303165316561
62346233653735643866653330326465663737353566303862396266333263343136323865643261
39336239366365313938623065353434663735303866373837633431383037656238303932383634
33383030376137653337316234666563363531626232653139616538303336366231633838653038
38373631626639633335323365393833343930363539613836396136653063363635643661643438
66633630346263366635643066663064333864666638633866386236306431363533663965656337
39336532353666633634613937636364663932306464383337393766653934333836383438356665
32656164623561306639636161323362633938326437366462316435303666643338316332363466
34333637366366356466383937376565343234643938623539363861623433633633333864393661
65393964636235323732613335353538316165343332656638616431643738636435636438666231
61643838613735363330316563316632346265303065316337653461333739306238313934323733
34346430396161666430393433343461656565356232306261333862653466373930306232636437
64323134333538353636623137623465373533336666353533396263663462363166633332343362
33336461636163303931323330613163666361386330343037303638626436623436373966626464
38383361363361386661323236616637356666633063633931653061393266313431656533396166
30326135396434343539623330353361616636626639656164383731336161336435303539396263
36623664643833343530333161303439303630346466373436366262383538623762313836346438
32346135656365376663313765363665613430336362303938373531623635333232373431613732
63643938613465386133366662623330373432613330323539383965343236323736623838343338
63623330613163616366333864656265613435666237363634386533623538653136363265343062
37653133633962643435613931353764333463666535363037343035366666393732643930643239
33616663623231666131653137653236383139623163323062643036656533353539313030373134
64353965616566636130366236653165613830623933383036653430393136343464643662323166
38646665646537393035316138633163336361623732616464646537313832363933613663663766
65306564353732623738383162306438396139616437353662613831623637666339373563393663
35306634626235643031383463623062353166653936316365613835646264613434303730396138
64353865396633346338613833303338313261363765303735383733346131633333383539643137
65306632306561666137323834653034313365376136316166306564393439663637633131346135
32323864346437313863346563306264386338323339393663353863306565383563636165333933
31343732346161653932363335366564663132393432613835323131356336656337663830623239
34316435666130353064313962366237633732373132353062653238313636343134366636376435
37366334353732333162353333326539356166316362663535343066336231393462663762636663
31353761363232326662613762393166643261626633386131353165396330616361373164663237
38626262633439376438326462663735616332386636363631643934666236386337323131636138
63366337356135633238636262313336386230366262613335353435306464653930616631386166
66313737316165326237303036396531313733646164333937386561373034623538306466306538
35353138343764353061626462653063623664333038343862396466393962613966623839346135
33323134646363653266366634373531666466646139363430663236303861376638326234393861
33626639626434633763393433623130636636653535666539323038356430373763303935316366
63303530613462326565633332343763393031333766633935626563303565383933323131333630
31646533616237356332326233623464303932663634633632303364663165646664306439663935
33643164323139393633306137363737623063616463323732363362336237633066633031623734
31633839633439636662353931313534313662653735316562353364623239643433663864386131
65366666643031353162363030376432663132633966303130356363343334643164353036306133
63643366346133393932633535316338376433646335393966626364376331373837663165346661
64316662613836386538393435616561666434373361363266316533323862313331643661653964
36363561393330313262303535343639653332633461666365326437396131313731333232343765
30626434633864383131373334653739323230633337666435333334636339656664653564396333
65666639323130616261343230613638316234353935316431656263666537653137393139633463
64393739613766303531313566353030626532383037643763333537656231333332313136366163
34373066643438373437663664313036653039383362643664313631313038376665316362653362
39663665613532343062343562306633653332313333313236353838653030383464646665393332
62393032613838326132386132373635323265303130333662616331613039386363393864626263
37633539366230633739663933346639393463393137333065383534396165313933313834643363
63663463336161623266663934653733313064386264643930303339633262383535646365396562
61386265666532613935626261353963363865303166613563383863656536643830666463376630
65663534333730646236633938363339336137313130373261626537306162363465313964653934
37366362656161663665373432353332623265343236313737656636613134316561623933663862
38633265363766303762643761666463343833316238323635323338376164356566643038653838
32613865343839363732666230303031336535643966666130663437653739366438343339646663
34303035326337646435346266333665336335373230643632303538613864366465306235376631
32616236373764306235663562343665383531366239323731323739623166366231623431343634
36356634623335643434346261393235613864383361386362653162373165356133303232383164
62616430666639636136363965636530623661323165303831323462343533653733626433643561
64393661303332613262343333396166393734353935343739383930656638343661336166346139
38313533376636616138333734636663383537623863356566616161343530646161656135623937
36653634323835306237613665396230376539336638306530313764306232303464623330616330
31646430643033386432353461373731636531633364326339343166333635663235653164346562
63616138363639303539323564616539333539393831626462386330346439383562633963616231
38303132626635366133313730636634376430313130626136663433333334636566613733613233
63373265353433663632353736353835376463356132333430663832393936373632383137623337
32316639316464663435653137326263323161666531383834623464356561343937386532623133
32656532383933313437383735356633363331613133363663626239653861646131343431653034
39313265363230343836333864616265363436353931383766626432306662343739346136616364
66633039313031663331613130386165376130653465633836633636346530613865633262643462
65653930346362396230373463363062663533336462336139383461363931623834366333623463
63343037616665306130353339626232396631663731646136326433613139613733336665353733
61376136366538323934616166656561376361656432376639646231653136636236656266656230
61303764383138386233616333306165336139383964616239386166653835646465666335393136
34383836633230613836663234356531393165386332323336343538626465366338383835333833
32396336613139633933613062303765353464346262376637666264626161633033333564633330
37303262333635636334646266323931343537313737313330333962633362636663323130366161
32636137336230363432373932653964626466626261613461663238623366313836393462613130
32343938353836613566316165363734353035323935613765393162363339373439656339303561
63353436306261333432316533633737663461366162663562616364306439633461636135653562
36626632643730313666323464316663656562656638306364386335663832613631313365653536
62323261323065333163633831363435613562613836303939633635303939326135636265316333
65306263653565383332663232303631623732383431346434376538376135396132393439333135
38633366333938306534353934616438623130353639376463346363613264326665333939343938
65323665303137353133393335643363653262623861656531656232636232626235373431636337
36363330613562393165396264653938306466313434373634376465333837373937376262346635
36373935626138663163306164323830633266373166376466373132313761646435353965343534
38373163646634363836366439396330323166376266313164616361633030346639316434656461
61636266613231326332326565396263393532303964333266373738366364633161356538636238
30623537303064646432396232623263626564646532306530313862303766366232646262313138
64393538643536366330373438343463356262356139386131656438393662616237333062663630
62303562323031633233326533383063653561373831613937393532623039653032363861353633
66623333663034343130323562303432616166323930316139336565316233343234636134363039
38663136623033386663376666393030383135383832333866376564656361303430383561616438
62653434626234363432383037643363346638373766306235626534393431663164623438316536
65306330346163396534303761656137353866613633313465343230303466623833333463376366
61356532306637306262323364393463666437383731613036616334653066356562356336306263
64306630626135613066336536303931653661353532306331393435643338303861393233323931
63343164383265393066633764626239386236623065386234633633333035663964633431333234
31666637336238393938353064333161633139666235313866333266346432366337643030623531
33623139316639313130396563323366333661343339373237663036643032323765636334363765
66656339363030373138306132623936663630643631623266393931343539366633333264326661
36616565353738333966616538333235396332346664663939386637386162613832336161376432
31366230353131303632383630343239336435383830306436646535346665343135386139363732
393532636464656362353530616135613633
